-0.700000  0  535117.829664   0.000000 
-0.600000  1  167478.187038   89620563963.970230 
-0.500000  2  47703.162017   7989239090.551338 
-0.400000  3  12020.591128   573420206.137374 
-0.300000  4  2558.176470   30750793.376486 
-0.200000  5  421.468623   1078191.114419 
-0.100000  6  43.640992   18393.308875 
-0.000000  7  1.000000   43.640992 
0.100000  8  0.004490   0.004490 
0.200000  9  0.053607   0.000241 
0.200000  0  535117.829664   -0.004894 
0.210000  1  0.030058   16084.798568 
0.220000  2  0.006754   0.000203 
0.220000  0  535117.829664   -0.000103 
0.221000  1  0.004477   2395.830829 
0.222000  2  0.002213   0.000010 
0.222000  0  535117.829664   -0.000000 
0.222100  1  0.001988   1063.739649 
0.222200  2  0.001762   0.000004 
0.222300  3  0.001537   0.000003 
0.222400  4  0.001312   0.000002 
0.222500  5  0.001087   0.000001 
0.222600  6  0.000862   0.000001 
0.222700  7  0.000637   0.000001 
0.222800  8  0.000413   0.000000 
0.222900  9  0.000188   0.000000 
0.222900  0  535117.829664   -0.000000 
0.222910  1  0.000166   88.737554 
0.222920  2  0.000143   0.000000 
0.222930  3  0.000121   0.000000 
0.222940  4  0.000099   0.000000 
0.222950  5  0.000076   0.000000 
0.222960  6  0.000054   0.000000 
0.222970  7  0.000031   0.000000 
0.222980  8  0.000009   0.000000 
0.222980  0  535117.829664   -0.000000 
0.222981  1  0.000007   3.522368 
0.222982  2  0.000004   0.000000 
0.222983  3  0.000002   0.000000 
0.222983  0  535117.829664   -0.000000 
0.222983  1  0.000002   1.002538 
0.222983  2  0.000002   0.000000 
0.222983  3  0.000001   0.000000 
0.222983  4  0.000001   0.000000 
0.222983  5  0.000001   0.000000 
0.222984  6  0.000001   0.000000 
0.222984  7  0.000001   0.000000 
0.222984  8  0.000000   0.000000 
0.222984  9  0.000000   0.000000 
0.222984  0  535117.829664   -0.000000 
0.222984  1  0.000000   0.030612 
0.222984  2  0.000000   0.000000 
0.222984  3  0.000000   0.000000 
0.222984  0  535117.829664   -0.000000 
0.222984  1  0.000000   0.005414 
0.222984  2  0.000000   0.000000 
0.222984  3  0.000000   0.000000 
0.222984  4  0.000000   0.000000 
0.222984  5  0.000000   0.000000 
