-0.700000  0  -92.251183   0.000000
-0.600000  1  -4.856721   448.038229
-0.600000  0  -92.251183   -25.665645
-0.590000  1  -2.181476   201.243734
-0.580000  2  -0.058075   0.126690
-0.580000  0  -92.251183   -0.092870
-0.580000  0  -92.251183   -11.744733
-0.579900  1  -0.039328   3.628091
-0.579800  2  -0.020628   0.000811
-0.579700  3  -0.001974   0.000041
-0.579700  0  -92.251183   -0.000033
-0.579690  1  -0.000111   0.010252
-0.579690  0  -92.251183   -0.000000
-0.579690  0  -92.251183   -0.006931
-0.579690  1  -0.000093   0.008533
-0.579690  2  -0.000074   0.000000
-0.579690  3  -0.000055   0.000000
-0.579690  4  -0.000037   0.000000
-0.579690  5  -0.000018   0.000000
-0.579690  0  -92.251183   -0.000000
-0.579689  1  -0.000016   0.001489
-0.579689  2  -0.000014   0.000000
-0.579689  3  -0.000012   0.000000
-0.579689  4  -0.000011   0.000000
-0.579689  5  -0.000009   0.000000
-0.579689  6  -0.000007   0.000000
-0.579689  7  -0.000005   0.000000
-0.579689  8  -0.000003   0.000000
-0.579689  9  -0.000001   0.000000
-0.579689  0  -92.251183   -0.000000
-0.579689  1  -0.000001   0.000097
-0.579689  2  -0.000001   0.000000
-0.579689  3  -0.000001   0.000000
-0.579689  4  -0.000000   0.000000
-0.579689  5  -0.000000   0.000000
-0.579689  6  -0.000000   0.000000
