-0.900000  0  2222.312029   0.000000
-0.800000  1  48.425279   107616.079714
-0.800000  0  2222.312029   -10562.429395
-0.800000  0  2222.312029   -47888.728110
-0.799000  1  40.731563   90518.243319
-0.798000  2  33.198914   1352.243670
-0.797000  3  25.824901   857.358674
-0.796000  4  18.607126   480.527203
-0.795000  5  11.543222   214.786184
-0.794000  6  4.630848   53.454909
-0.794000  0  2222.312029   -9.874365
-0.793900  1  3.947856   8773.368282
-0.793800  2  3.266354   12.895095
-0.793700  3  2.586339   8.447899
-0.793600  4  1.907810   4.934244
-0.793500  5  1.230764   2.348063
-0.793400  6  0.555198   0.683318
-0.793400  0  2222.312029   -0.066007
-0.793390  1  0.487723   1083.872602
-0.793380  2  0.420263   0.204972
-0.793370  3  0.352817   0.148276
-0.793360  4  0.285386   0.100689
-0.793350  5  0.217970   0.062206
-0.793340  6  0.150569   0.032819
-0.793330  7  0.083182   0.012525
-0.793320  8  0.015810   0.001315
-0.793320  0  2222.312029   -0.000815
-0.793319  1  0.009074   20.165324
-0.793318  2  0.002338   0.000021
-0.793318  0  2222.312029   -0.000010
-0.793318  1  0.001664   3.698367
-0.793318  2  0.000991   0.000002
-0.793318  3  0.000317   0.000000
-0.793318  0  2222.312029   -0.000000
-0.793318  1  0.000250   0.554724
-0.793318  2  0.000182   0.000000
-0.793318  3  0.000115   0.000000
-0.793318  4  0.000048   0.000000
-0.793318  0  2222.312029   -0.000000
-0.793318  1  0.000041   0.090661
-0.793318  2  0.000034   0.000000
-0.793318  3  0.000027   0.000000
-0.793318  4  0.000021   0.000000
-0.793318  5  0.000014   0.000000
-0.793318  6  0.000007   0.000000
-0.793318  7  0.000000   0.000000
